{
  "sensor": {
    "name": "dunesACam",
    "fov": "24.386729394448643",
    "lookAt": {
      "origin": [
        "-71.3357952505853",
        "78.734578313642",
        "108.92994817257102"
      ],
      "target": [
        "-271.1048187567149",
        "80.80085405252899",
        "-297.0543150237934"
      ],
      "up": [
        "0.002016176422133449",
        "0.9999895730713552",
        "0.004097411524808375"
      ]
    }
  },
  "instances": [
    {
      "type": "obj",
      "name": "isPandanusA",
      "filename": "/home/cjh/workpad/moana/island/obj/isPandanusA/isPandanusA.obj"
    }
  ],
  "models": [
    {
      "type": "instance",
      "name": "isPandanusA",
      "transform": [
        "0.41515128929030015",
        "0.02487617896690162",
        "0.8541256246715749",
        "0.0",
        "-0.03274280234568155",
        "0.9493630468403248",
        "-0.011735168878500625",
        "0.0",
        "-0.8538602437724531",
        "-0.02431010107058339",
        "0.4157303249593237",
        "0.0",
        "-382.444271",
        "38.633981",
        "-317.932735",
        "1.0"
      ]
    },
    {
      "type": "instance",
      "name": "isPandanusA",
      "transform": [
        "-0.9041232836897133",
        "0.0",
        "-0.7890254038306563",
        "0.0",
        "0.0",
        "1.2",
        "0.0",
        "0.0",
        "0.7890254038306563",
        "0.0",
        "-0.9041232836897133",
        "0.0",
        "-184.612206",
        "52.371803",
        "-378.462837",
        "1.0"
      ]
    },
    {
      "type": "instance",
      "name": "isPandanusA",
      "transform": [
        "0.8404307654206113",
        "-0.0016072054855733764",
        "-0.44291482863531717",
        "0.0",
        "-0.01822860801149161",
        "0.9490633465174243",
        "-0.03803264580739396",
        "0.0",
        "0.4425424797513665",
        "0.04214476465320978",
        "0.8395713027657846",
        "0.0",
        "832.286995",
        "11.10459",
        "-44.428901",
        "1.0"
      ]
    },
    {
      "type": "instance",
      "name": "isPandanusA",
      "transform": [
        "0.23521230967621093",
        "0.05855817415071138",
        "-0.7623949826808392",
        "0.0",
        "0.0035724550703250474",
        "0.7975577267596319",
        "0.06236112611859207",
        "0.0",
        "0.7646322037042075",
        "-0.021739657912290083",
        "0.23423274820635953",
        "0.0",
        "180.526688",
        "62.445985",
        "-396.645758",
        "1.0"
      ]
    },
    {
      "type": "instance",
      "name": "isPandanusA",
      "transform": [
        "0.7234582553457061",
        "0.02713938337866334",
        "-0.3403991871934672",
        "0.0",
        "-0.010154471910593953",
        "0.7988265480650774",
        "0.04210739610388872",
        "0.0",
        "0.3413283455448201",
        "-0.033757961672156056",
        "0.7227415586164789",
        "0.0",
        "337.133432",
        "53.392954",
        "-268.385301",
        "1.0"
      ]
    },
    {
      "type": "instance",
      "name": "isPandanusA",
      "transform": [
        "-0.30060132085492053",
        "0.00790299002593616",
        "0.953717142893493",
        "0.0",
        "0.026281521253141128",
        "0.9996545811632239",
        "-1.9035356624286237e-10",
        "0.0",
        "-0.9533877110288858",
        "0.025065137303219836",
        "-0.3007051900966675",
        "0.0",
        "-165.118765",
        "49.097273",
        "-235.47521",
        "1.0"
      ]
    },
    {
      "type": "instance",
      "name": "isPandanusA",
      "transform": [
        "0.5812487631567733",
        "0.0",
        "-0.8137259215047296",
        "0.0",
        "0.0",
        "1.0",
        "0.0",
        "0.0",
        "0.8137259215047296",
        "0.0",
        "0.5812487631567733",
        "0.0",
        "551.10887",
        "30.804129",
        "-78.5197",
        "1.0"
      ]
    },
    {
      "type": "instance",
      "name": "isPandanusA",
      "transform": [
        "0.9986959886215867",
        "0.0",
        "-0.0510521528552074",
        "0.0",
        "0.0",
        "1.0",
        "0.0",
        "0.0",
        "0.0510521528552074",
        "0.0",
        "0.9986959886215867",
        "0.0",
        "470.903283",
        "46.507889",
        "-209.395903",
        "1.0"
      ]
    }
  ],
  "environmentLight": {
    "filename": "assets/20060807_wells6_hd.exr",
    "scale": "1"
  }
}